D_GSM1348933.CEL	D_GSM1348934.CEL	D_GSM1348935.CEL	D_GSM1348936.CEL	D_GSM1348938.CEL	D_GSM1348939.CEL	D_GSM1348940.CEL	D_GSM1348941.CEL	D_GSM1348942.CEL	D_GSM1348943.CEL	D_GSM1348944.CEL	D_GSM1348945.CEL	H_GSM1348946.CEL	H_GSM1348947.CEL	H_GSM1348949.CEL	H_GSM1348950.CEL	H_GSM1348951.CEL	H_GSM1348952.CEL	H_GSM1348953.CEL
GLYATL1 /// LOC100287413	7.95806369840353	8.8315051943872	6.96596550425254	7.33827047567711	8.66521717960545	8.62349130687521	8.0069530405964	7.99500731148046	8.50763406585875	7.23411758210368	7.33016330883412	9.12029302828094	6.35421744919509	4.55398295568504	6.21742201307489	5.32391673846061	5.72147819434352	5.85872454267365	5.6294037606568
DLX2	5.60740854389437	5.74497193420399	5.23094231202752	4.81267052483913	6.28615088457505	6.79981862470483	6.04233713646359	6.42063906701309	5.93594061299073	5.60141391868159	5.0618963820745	5.94817438697434	3.28729434639338	4.373696701439	4.10476738623355	4.73610804266111	4.55948711799068	3.67482544435323	4.00701419002444
HPN	10.6124416194906	11.4124992940757	9.09576158830519	9.86493900952306	11.2532831517101	10.1679784248555	10.8079767007784	10.1387431703744	10.3913842670235	9.74517873762122	11.4644348987919	10.693572905111	6.1560813661038	8.4762754976434	9.23442301343581	8.45100631560169	8.40202472829785	8.20437839650458	7.49046457935583
HOXC6	7.44114205884902	7.88465721909402	6.46190233044126	5.04118583746629	8.65266265181634	8.47519667972073	8.17384134977031	7.7594062420704	5.6448598235132	5.60865745205046	9.17868774331903	8.95410431177104	4.44821167086929	3.82476398764389	3.60189450178974	4.61657499749363	3.94711067160367	3.74028717145491	4.58792313792912
DLX1	7.66220830201672	5.65697025451773	5.29193166429405	3.98407130069949	8.08562877326752	7.58374346023592	7.10280317671774	7.21689496105392	6.92569724196339	6.06247566650844	5.45484192456327	6.61547877520364	4.2987587115719	3.58383061108625	3.52525477000426	3.84613252797818	3.49173179937381	3.41816147253902	3.84668191237171
ACSM1	7.02464518532312	5.10333853411134	4.77932101640167	5.28180676494793	6.72948714761014	6.2263294394561	5.97683013600973	5.3631410143546	5.66850506036809	4.97203520041944	6.21241374256992	5.70808403117414	3.98764709263368	4.33035335076302	4.47921601929883	3.98274723954157	4.67325230959278	3.82205109781324	3.84516485460014
LOC100996425	10.6049859533289	12.0761527652338	8.7269871300282	9.99478496665427	11.7412084357577	11.4623879364825	10.7567263680634	8.36421690483459	11.3809140814456	5.30344081677909	9.46652032295696	9.12301509943619	5.88845619589006	4.34366255748445	7.62199679622225	5.72011035660391	5.67034482902854	5.42729011047794	5.62657622559095
BIRC5 /// EPR-1	7.48421119729827	6.57856946831715	6.74427045767094	6.84652637252664	7.5386315877495	7.50607243452476	7.46517000842058	7.62188068549008	6.92997351035283	6.56896721173164	6.41494054630679	7.20338913008777	5.77394335172922	6.64822925127777	5.77724862285631	5.56087462273833	5.8109232491286	6.36876360459747	5.70080724900687
RAB17	8.17193239025023	7.36478438442122	6.17559581786047	7.10038965752109	7.76655803210803	7.96088802539174	7.92717107799456	7.41690839440996	7.67631796513039	7.89641905463539	8.31804127782769	8.27042438080342	5.60646565917747	6.99816668641134	6.31849188933798	6.48050881624951	5.86247862597422	6.5843134380536	5.65601712346826
HOXC4	7.55562250926853	8.62157405740393	6.61873861926162	5.90949051260824	8.55834216793233	8.73573843995156	7.96334138795381	7.76290633831899	5.69960280140099	6.41994132373797	8.71188705096898	8.91145104480242	5.82315059008802	5.3088332696028	5.10644870022059	5.03755424071766	5.09973074081735	4.54740757807355	5.62225716290574
AMACR /// C1QTNF3-AMACR	11.2455711210256	9.53470701015867	8.07846608161171	10.077111325616	12.6541893268979	12.6971669408812	10.9555537581555	11.4424236918864	10.703463894831	9.33209662347043	12.2550283904888	12.6677827674395	6.52230678785569	6.41688759585577	9.55277026117368	8.30832078279018	7.70129929756993	7.78965018134088	7.13503238644029
TBC1D30	6.50551095447926	7.49446568270594	5.81829338643032	5.7565090386535	6.63935526952539	6.57604658652667	6.75207304865915	6.39639829157913	6.77460786245901	5.97656953819989	6.98286619464377	6.4311582579118	4.75731118263191	4.97515684345495	5.88796976067778	5.83163202865403	5.23862091612901	5.62082934676591	4.90290804911017
SNHG19	10.3273123108356	10.6247278942493	10.0113514919791	11.1336899567294	12.2088098982771	10.9504324552323	11.0819241840537	10.5925221571316	11.5757412441456	10.7197946367249	11.723688709939	11.375804315266	10.081424242209	9.79859826807055	9.65434542146614	9.70271732086523	9.45073933673282	10.0067738982729	9.5878009454402
RPL22L1	9.89416952978256	10.0936090716712	8.57511844676748	9.15316851076585	10.632239712344	10.5508329555718	10.4757823273488	9.41823279244084	10.6076015950344	9.51060249199482	10.6585153878791	10.7153845916469	8.56549870694353	8.70202480867966	8.14192221595943	8.81011811376722	8.32329259459171	8.9990592345637	8.47042086143223
ESRP2 /// MIR6773	10.6505142661276	10.9465276928912	10.1462156056821	10.5101921121467	11.4775967835266	10.6090870807008	11.1278876487658	10.1495874749685	10.7174717185768	10.0901261469797	10.277575174907	10.1769615630074	8.37866550898602	9.44171992035242	9.84245871044132	9.80505434461265	9.75872123219872	9.44152775640283	9.45696861984395
EZH2	8.90758685054824	8.16991235077348	7.39913330750496	7.81140808664531	8.57306911563711	8.20041455117434	8.99870361281765	7.61850994326572	8.56315343053309	8.35149940530787	8.43258019656033	8.01089597526241	7.01230557321882	7.77695035226408	7.37785285317964	7.03451370872108	7.04993972854405	7.04391279459007	7.222169720839
GAL	5.13089477177909	6.28952347727909	5.29600592714719	5.03918359341775	6.3569717197091	5.7738573006288	5.84686764914706	5.69373776834171	6.18268461526002	4.87182672268658	6.0260226303517	5.59100164316886	4.65961410333454	4.14834245148131	4.82361488941871	4.63515041937667	4.72944270153016	4.46293077010605	4.96430651961083
CACNA1D	8.04754691453833	7.7797429001539	7.57946599600964	6.66818810181361	8.50125247426885	9.12959603293897	9.67035038099511	8.79258361304137	9.28721606149647	8.43977067962837	9.30374643990673	9.49608846297369	6.11233422565387	7.6012113078797	6.66744648528522	6.77333719652743	6.13536434683116	7.13998911762798	6.67703415541765
SLC43A1	9.25548879262181	9.40701839484952	7.80261730381429	7.96311617008093	9.00356603953386	8.12785547323763	9.07066213627554	8.55962257119264	9.34778476449228	7.93637404145171	9.68322150654087	10.006713775681	6.65774167643733	6.64885327743681	7.43965377417183	7.82132607212507	7.8918113758077	7.28079476003829	7.30660114620016
PCA3	3.32159384844641	9.64130981248518	5.53551436038933	7.00509700553857	9.59664034992396	9.65137688223314	8.66747407947246	8.29379288013785	9.00455162883669	6.43876351381584	8.41772993391235	9.40634473377042	3.74081648824203	3.86834878920455	5.80600815438766	3.86995369624644	3.72231791274305	3.93066584296016	4.2694640835646
LINC00992 /// LINC00992	8.22785736126222	7.89630739281979	6.30794435120785	6.25902821970138	8.24112391557354	8.24027071038653	8.63600565093192	8.31726371952948	8.5792769312972	7.39327180258715	8.05930353807047	7.7172783608052	4.83859108616574	4.15659376982116	7.2363601405183	6.53937127680345	5.74039638819723	5.24523920372688	6.53521238563279
ZNF577	7.70786892889697	7.05536425189198	6.79841632021617	6.31353313805279	8.92923597766416	6.97753300936272	7.43364505333166	6.43614477847221	7.61038769060653	7.31105150718347	5.96910777400314	8.01894600250778	5.73701741064219	5.37339583502086	5.27321760201891	5.58585758793542	6.11224306528354	5.95959968001525	5.58656157388346
MMP26	9.78359363899946	8.18797046258353	5.84113356383172	7.49152028934744	9.38782187778034	6.71001688332155	8.39338737120055	7.04899729499578	9.48211841456656	5.9640471048532	8.55580108786429	8.78469827863281	4.50106952507732	4.66897506069526	6.01605446254131	6.96513603529413	5.12488533184584	4.40367954029486	4.84462323744679
LOC101928099	6.08843930447775	5.26342540878775	4.76839040023675	5.15938111996078	5.43869042774344	5.44603370027995	5.2700071198371	6.33763171023608	5.00108559488437	4.74064600358929	4.38575493565923	6.53093246180686	3.95087511993377	4.75260000211605	3.18944682716604	3.6343964858915	3.91407408676695	4.15574997176866	4.32686090729835
P2RX5	6.11945326481293	6.7427998540705	5.35809804867731	5.70068981768454	6.60841483557591	5.65327494974728	7.0591799327474	7.09256190181152	7.29370041270269	5.69509761659902	6.67089103535244	6.79872560782649	3.92696120467282	5.91872835395142	5.07840466092257	3.96680959055938	4.62844756936914	5.29470196680768	5.19164199875595
LINC00324	6.69080715209452	7.02695989374196	5.9650805121945	6.43099529279456	7.23769260540656	7.20159324535839	7.02562151354155	5.6999650255668	6.46560544714476	5.87639296061228	6.33628766770168	6.21583395573496	5.87100617872861	5.19624573427826	5.18897852549266	5.66644386969644	5.49626040543941	5.76865708508246	4.78599942930156
NEK5	6.93628656477266	6.83975693772036	6.55364989403515	6.33839205980288	8.19014989739989	5.92091094697567	7.4035359538721	6.59869831131515	7.32259986357282	7.72991144502972	7.27166976464693	8.52428907552889	5.58264506649932	5.79523664703757	5.64480539033851	6.02724595759034	5.94662907382902	5.87114612229177	5.35188524279249
GLYATL1	5.46170792475025	6.16859327204178	5.24155402338557	4.37035292573089	7.23528682755084	5.79300426345869	5.73392087304147	5.07923883630623	6.43849946179833	6.40859761464911	5.71633318344226	7.17019223472731	4.42437940725178	3.96601599894595	3.70445426040166	4.09710020436518	3.96516582832682	5.46001712258654	4.06088828749561
KIF4A	5.73895774565718	5.00840493537704	4.42976510121584	4.817691495978	5.16414578344762	5.45403482884825	4.94874376744379	5.4474480882337	5.04696765332927	4.04719360162056	5.55475282390254	4.57958955805934	3.14174499510188	4.19588393524847	4.05356352918186	3.98103376987739	3.17309848856698	4.70021891980261	3.93722700063878
AMACR	8.81609537671377	6.82694515884963	5.81655131909479	7.30247228912324	11.0875993353341	10.257830149891	8.90940277415566	9.51806687656366	8.32444377356309	6.68740785311147	10.9398772661788	10.8183988211078	5.09139569606675	4.68195487741704	7.33035363897672	5.93671379725846	5.28736373626583	5.32369476596626	5.14835392132229
EFCAB4A	8.97722889648964	9.38713162547243	7.90209722925225	9.03698552716769	9.09588944949587	7.30990759844288	9.93282661953009	8.79738413710286	9.3868734416199	9.06734503045667	8.881745934339	8.67389009175757	7.16413611213276	7.92018956916854	7.63808946472623	7.27459247541964	6.84447399973791	8.50799875847899	7.1015791671742
LOC100507472 /// PCSK6	5.87981511357128	5.99608938086796	4.61720840335398	5.11111477188327	6.48607898873425	6.42590465548177	6.11661505605982	6.06915403706244	5.93157554103676	5.72810468889116	6.4445817134223	6.56614887149434	4.45168206673927	4.83559606399601	4.78478794444183	5.04774092145387	5.04943496090251	5.19232912539091	4.97116503576703
TRPM4	11.1562808117749	10.5895998654102	9.30730893571076	10.1866273855181	11.1951893784071	9.85136822232712	10.0040633089884	11.2330876375726	10.3104044359299	9.58414139553754	10.9400575975882	10.2068543685994	7.82524163952707	8.50666848780124	9.64092915827282	9.75896038993905	9.48763820686732	9.11048564972434	8.53960400128213
SLIT1	4.89802314298364	4.42247119261283	4.28374086499379	4.57391612587641	6.1260634831011	6.77235127452931	6.22319838970455	5.20717772598097	5.70921958381037	4.89901147277032	6.60300417565551	6.50276786902211	4.03887388966967	3.73643159655992	4.37187521155428	3.52135216462055	4.17323657082863	3.92015391214199	3.99543033172377
LOC100505938	7.74928387201031	8.21295610363209	6.81875006232459	6.90870833648793	7.38635174817897	7.35082492466016	8.68813736583255	6.87546614773873	8.36270592823117	6.35002009874778	8.05863028837359	7.64139902686471	5.26826621751476	5.88530206931897	6.58268132709227	6.73798059141447	6.51227323625149	6.4083741254705	4.6826390456973
PRAC1	11.0787683376034	11.4455939111078	10.8277526941354	10.8692029209591	11.8637757979109	11.1750747955052	11.8286450420868	11.6624312053976	11.9796329746152	10.9193484926005	11.9921211346598	11.5571917534268	9.51645218957852	9.8238920380337	10.5954608968647	11.030806130487	11.0123264763872	10.5250492033751	10.3208807271161
CCDC78	6.73106488407226	7.65806195558639	6.41887771877342	5.7705257613786	8.67828021551703	7.0733661656979	8.03245444981918	5.66734473051881	6.82643480760818	5.68177513794629	8.68600742862547	6.84142482225749	5.28646996719974	5.1495579712421	5.06890805842456	5.91187465066228	5.12121071263041	5.1757465190104	4.56560832411499
PYCR1	7.65906011848769	8.06392118524611	6.14060610442363	6.75951358293095	7.68131133569445	7.75450738743323	7.94012969399897	7.0209136067542	7.57503416405431	6.65886929577335	8.02733696647416	7.41981960886579	4.51597631081943	5.69872408835245	6.84640205006947	6.51735777524378	6.46378017719507	5.98932826834201	6.33428758428204
SIM2	7.24991849156825	6.99628888440648	7.00533832133936	7.73391205636803	7.73324088655886	6.99693797507012	8.57028606458439	7.2347605916762	8.64808593421483	7.43894449640449	7.4180073094368	7.61440928624478	4.66154212690217	6.25747825082269	7.23902300403867	7.20710145766397	6.2572357303801	6.05860944836825	5.59980591181911
APOF	7.92383553459455	6.15612997349719	5.21707781229218	5.75292633798365	6.18986999107357	5.40497571836528	7.39618613621621	7.38216205806523	7.18397742040656	5.31593059985185	6.50026988416853	6.83897398439597	3.77351494027422	4.62234277196504	5.57995365132207	5.57160587468435	5.428248669314	3.6493746427721	4.60138899244625
CGREF1	6.48022889368186	7.67426536756698	5.33873137906994	5.13294764891709	7.22201704887823	5.72065150765328	6.05826952108881	6.31255275390087	6.65133513204367	4.89246946593092	7.00316699787116	6.28871289081143	4.8148645818874	4.23784744533501	5.56970449305142	4.89078019539284	4.88941403574745	4.91556158272881	4.58132796045375
TARP /// TRGC2 /// TRGV9	12.2739095488556	13.2994116733054	11.5280440454355	12.1053280235836	12.6283103802564	12.2902166173995	12.7234197282087	12.8938720634576	13.2229308866599	12.0174656649703	11.5383126973039	12.7469795875283	9.98325388208395	8.72641645747533	12.348923696129	10.8728722765782	10.3674103511747	11.9478077912341	11.3311268770853
ADAM2	3.99620269139296	3.55596141428946	4.35556056108776	5.09282385335972	4.03935427726119	5.32170932762221	6.8284705449994	5.08256040179677	6.31137774121465	5.1357645908891	4.80868506911189	6.79073728820402	3.77773141275167	3.57307110628452	2.86506853846316	3.25642162343328	4.1393285694855	3.06122860662401	3.1797485266323
C14orf39	6.9577438030563	7.29621939132251	5.9354124191443	5.99535766447769	8.12007062228384	7.52185848106602	7.72300919538339	6.52713780393544	7.87240170017588	6.67961390947771	8.41652360570883	7.91653112880264	5.73312731704289	6.47458618014849	5.94309593019859	6.54453217369858	5.36223485056915	5.19726324943692	5.82004198243241
MS4A8	5.65331874222411	8.50657492468687	5.43216125149231	7.81205043906575	10.3293998119349	11.1896425153221	8.73410326273149	8.36483794600998	6.79234211227386	5.71135192495854	8.73926156489754	9.06524379874198	3.67085823359866	3.13065439969703	6.35634376236968	6.3826091065294	4.30057346401477	5.05919797590436	5.6923880628965
LOC101060264	8.04090237843938	7.16896436160763	5.92588620823743	6.2353077929305	8.76965934515318	7.38428008519125	8.63864361812979	7.04924488751731	8.0502267623205	6.64718751459012	8.46012713900821	9.30944290068053	6.13973360140821	6.22874225484416	6.37676245928456	6.10861681013827	5.77162001603069	5.82656815364345	5.6125883923447
SMPDL3B	4.82721956864684	5.45842113788289	3.81013743679459	4.10789797827286	5.63518526817007	4.83963006916845	5.40434837232288	5.63119535089883	5.60245465046704	4.65117669218396	5.43216162097218	5.21868744749372	3.62476322763714	3.74339434754293	4.13182566327587	4.60949227546616	4.36350399209278	4.15554257908591	3.69848265738088
DNAH5	9.02761099412781	9.14293045313751	7.21918405913499	8.35445933662809	10.2226660327374	10.0479458372346	9.91767608162563	9.20839473942937	9.25954480764035	8.44749357972526	9.70188894742027	10.893821561236	4.46405344466084	7.00197155447967	8.68890075926116	8.81236345596524	7.78035754122721	6.30535250708537	7.04013141405468
EPCAM	11.0168811180106	11.5962925900249	10.4831999060366	10.0962487960058	11.2507811552071	11.4902289743613	11.225629848808	11.2973348700135	11.6733045424858	11.0758694261168	11.5321236001346	11.6139802372424	8.73481796054494	9.7757835176398	10.5887760740412	10.3585687419859	10.4352918404732	10.65042688716	10.6149942923196
CHKB-CPT1B /// CPT1B	8.94689303291065	8.98995807204536	8.61353744345609	9.20325277092921	9.14108968987931	8.60110891627411	9.65934855906466	8.04536719792707	8.67604462636592	9.72202377598051	9.13382097778436	9.35744842927483	7.08998098449964	9.6438759050268	7.38532064558249	7.17393498636901	7.66177944908141	7.63986843869523	8.31534231083332
SLC45A2	5.86359007183004	4.92870003107585	4.17244884338187	5.78050297662266	8.75898144595658	7.8080716183973	5.90389314688055	5.6739862079635	4.77831970079559	5.61134926098832	6.69049424826292	8.539998257987	3.75558454947118	4.1313062008086	4.2077349212738	4.58945228841117	4.0110301570223	4.04121343573678	4.17959708503373
MATR3	6.61645499965264	5.64501033279136	6.29650655879356	7.62021297318935	9.17135782328566	6.42926628178377	6.76994332797482	7.49842422573812	8.06577027286333	7.36042534136109	8.74437418869639	7.81254860541535	5.26920017369655	5.61914111321545	4.13846790386835	5.60342437994035	5.85542662607102	6.67456398755619	6.37830743569958
C1orf64	6.1765816216664	4.74638677491227	5.30141022413529	6.21448750736143	6.90514420750932	5.41299989329696	6.1021219693394	6.82692674896331	7.31914076508835	6.06528169264267	5.72025178609266	5.31269577179213	4.76250163664177	4.54490227815391	5.32572896840097	4.73845931627231	5.03376119333026	5.12771141555617	4.76943677186935
THBS4	11.7282555906526	10.9334052566875	7.44368766740053	9.03379694477553	10.31762579182	10.2708738422548	8.06045276860483	10.4406169963614	8.53941462053415	9.32553430738228	11.8015704452979	9.17135782328566	8.24819885527846	5.52596465676663	8.39510572982306	8.2123260482485	8.23196917435077	7.31100599687901	6.91475924510307
NAALADL2	6.85106878500554	8.01700480404892	6.1716917336451	5.78244077438681	6.33314811102219	7.6010733417248	7.31186755535441	7.23482946729023	6.13616820892646	5.90846443868537	7.47706829500847	7.31743302252476	5.46567926572887	5.67671762988869	6.05355339059318	5.90177433990162	5.37721952459175	6.29982982177103	5.36702787192287
STIL	7.83598962178168	7.37213403360605	7.54117502391313	7.74010067347713	9.07911623870541	8.91625723918074	8.57901896626805	8.40716323731375	8.70588234852209	8.60782336486363	9.15671038216967	9.88991240548667	7.08057652850011	7.09240915205965	7.38117108719302	7.53572212986742	7.65514154026708	7.45574153021511	7.67046024736253
SMKR1	4.62844756936914	5.29318621355546	4.41470395978398	4.1496161193639	5.24852076265932	3.7044356465609	4.77111944146203	5.1261299880415	4.84627768656086	3.93932946475563	6.49534714831385	5.23648652463329	3.11367326466649	4.19208716429787	2.95127032038096	3.6061920836671	3.23944028667273	4.41470395978398	3.9304714304991
TXLNB	4.50689579964482	5.44914884072104	3.25762869056336	2.87940083779008	5.5052266502165	4.25071041754722	2.89201262420478	4.16098754373491	4.0762797252215	2.98488121544693	5.09324013825756	4.5873679178535	2.87531623770209	2.74747713933595	2.77415037975386	2.60469018028225	2.97511611979244	3.04815347051486	2.61863851792423
FLJ22184	4.85238055545934	5.92196711557083	4.73628863236294	5.30907470088725	5.69722946187485	6.01887112580189	7.16510507696901	5.02203841848214	5.78463345467723	5.28159106072021	7.1799808071134	5.7678550879173	4.51018864421884	4.97963234384316	4.49116770235559	4.75744805843674	4.49558639445444	4.39764120171473	4.64774186615789
ZNF30	6.83504790990194	9.32410815371472	7.19977634459637	7.70538581570178	8.40410066857511	7.35416208626354	7.53352955907698	6.94519172066233	7.47286486763649	7.45456336225476	9.00513535753675	8.76990298879722	7.13701180758029	6.20179858731882	6.97040138656675	6.48038339913071	6.84213580757628	6.57595763066144	6.32016748000194
ZIC2	7.9442386429106	3.78286384011225	4.98498965905401	3.85737479805499	3.15034307721901	6.21573078388091	5.53961322735211	4.24009203412731	4.68879538595601	5.29888971639803	6.39596054972296	8.62557834198132	3.04236848641315	3.1434601761184	3.27430642682145	3.07964432289628	3.57412150576108	2.84459492873654	3.16109098613796
GLIDR /// LOC728903	8.13760941370441	9.14150607314091	8.51363292729988	8.27854103826949	9.84617768410351	10.2979846840638	9.42397144384779	9.475721234137	9.75224817783313	8.84686754607459	9.19560981568676	10.4012654719631	7.36785286775122	7.47510401729736	8.40377389353115	8.09285450736529	8.691159300926	8.63392835063353	8.34737224938845
HIST1H2AM	6.72437921228661	5.82254862405136	5.91705427439782	4.98121354516439	6.62914457882611	4.7837669141893	6.03408645838341	5.35056755879036	5.48823055213808	4.8956423555547	4.56560832411499	4.99058717402373	4.33359622512945	3.84788317878194	4.72884642061438	4.52265433539684	4.98914741141683	4.01096617428624	4.80467779790891
RP11-111M22.4	6.08546227933544	5.64628948158172	5.81493392419312	5.95884680216099	7.56715203159897	4.81941838429008	7.41664157958576	5.83874916454236	6.8590562855503	6.65048696418418	7.08850903200296	8.15691455489119	5.68312273166636	5.6799689099189	4.47709818812001	4.96309090642948	5.05874658908118	5.40331307013435	4.73093408111996
NOX4	5.62385458049876	4.57853199157154	3.85149780359185	3.79266452938307	4.45763877139756	4.15455891401266	3.72036055993398	4.45955153364835	4.21641621928821	3.64563218466992	6.40667834532334	3.57834734428307	3.44618339781947	3.69693460109737	2.88129797850012	3.02969091710271	3.31810546255787	3.1724458481142	2.85722224223071
LOC102724156	6.64656090694669	7.16033561300876	6.92047225597085	6.35522853365963	6.70763150147028	5.74336225210849	8.40720082346208	7.41171573053818	8.43977162716353	7.65067746903671	7.23540845163444	7.0261641167185	6.39344929090896	4.84128956564147	5.84562406425771	6.30175611864965	5.88905112179502	6.68035606284666	5.71221270802556
SLC7A11	5.79195065221228	6.25406864759287	4.47109280786689	4.9316378513763	6.43366204952212	7.86075752660531	5.81260211923248	6.67185211781803	6.47399349937408	5.00698840788003	6.52595037813258	6.31131170458927	4.41662383757833	4.43395839519432	4.40550740213892	5.39523660721539	4.86076421303643	4.732595482373	5.15396285349084
LOC101927085	4.68839993579648	4.72519300750789	4.02842755114442	3.98386641787533	5.87469225680241	6.4978334690456	4.59616475397992	4.75777131549398	4.80928303882667	3.7279479786156	5.62101912994425	5.38651389511531	3.74112985436844	3.85782983824144	3.82344160191273	3.84499774162104	3.92392425220792	3.4704248458654	3.92485667855648
LOC283177	7.28083834323401	6.10239170927419	6.4763299370746	6.08902197213405	5.28930969190877	5.09240461122604	8.4459585344593	7.59678792789124	8.36648942767769	7.96645259698512	6.59112020481244	8.57351340397127	4.94657044378027	4.64255632750541	5.98983823229374	5.42941151754254	5.04707947931827	5.64798135700074	5.64976759639135
VSTM2L	8.95509534221667	8.32896119620832	7.4409756996661	7.37177641649571	9.57528602570512	10.5418528480357	8.09467872187314	9.78509341865547	7.60922715565614	7.80766558188356	9.38417873935609	9.9660335152507	6.98021445935735	6.82258732248517	7.61902386873563	7.9037020918753	7.24929109925895	7.0430195934031	7.24480779495028
INSM1	4.64903599253765	4.98364727215078	4.64409448511146	4.03400445507642	6.21730709921247	8.91571600771845	7.12913243444263	4.18867940354817	7.82711235268217	4.12400278014825	7.80333092753625	7.51696756663578	4.32446252830124	2.61067408513803	3.95144931832842	4.13679589685085	3.66070912778407	3.57024282294575	3.51773248568337
TMTC4	7.55909911379477	7.84836402351476	6.81698144762884	6.7592901374631	9.09376394161443	7.40443616447759	8.31554668813486	8.27809086175536	8.26564367194521	7.22691663373778	7.6852091274253	8.49700502415476	6.28672697539301	6.05967508641524	7.40936267548121	7.11280571522492	6.9624509295232	6.92575839324311	6.73053899055702
DPYSL3	7.40766180027019	6.39396717193212	7.69420344558524	7.74350713329656	6.56101909972249	6.54471294408019	6.95692355432973	7.15521439761285	6.67394423600497	7.51856759345229	7.37644250498711	6.95841407424948	8.81305635316904	8.64923667468871	8.87266901964291	8.59990538905665	8.19934203381131	7.97538373364963	8.70831284485953
PTRF	7.90370773767451	7.46825824508347	8.21960851052344	7.8424736249567	6.82402151250672	6.76236350852418	7.1239378323898	7.7650849903162	7.080836936278	7.86863140500825	7.66799384831562	6.81099175676515	9.6834894503309	8.67426992123198	8.87714239280595	9.0647366861698	9.02383976736858	8.62918288481259	9.01557577946486
CALD1	7.75552349899575	7.32709929022017	7.93151528099148	7.57239588937108	7.19699244349509	6.96961199683884	6.79267785480708	7.94987431010676	7.31268519724884	7.74545912219746	7.40110506895941	7.50404422211638	8.94499677544546	8.84358583485488	8.27230097387605	8.69649642840364	8.2341588300965	8.17954892800043	8.7154166449227
NDRG2	7.24846155470686	7.02385480434621	6.67036894720981	6.59191623723432	6.54248336458616	6.03741147707852	6.51215387409669	7.23425523633336	6.65972461520533	6.88540295894126	5.97307436301486	5.86700448428274	8.41447531021003	7.2044169938636	8.15448414929756	8.09867719913815	8.06038602162044	8.04013028937434	7.35653714700992
STARD4	7.08251209275355	7.62664019505556	8.17695799237771	7.20834778606741	7.41417765708205	7.00650429299349	6.9762666697387	8.14455882537777	7.1464679234592	8.06735915276659	6.87198357012498	7.11990166921555	9.06143939948618	8.88314076784668	8.84054313972076	8.9634854562869	8.99300197918775	7.68758928174952	8.72565953504212
ABCC6 /// ABCC6P1 /// ABCC6P2 /// LOC101930322	5.74559350691525	3.08483429913368	4.95719060753656	4.36198286908354	4.52553360441862	4.53608866621159	3.79131522852064	4.98545874428559	3.17295549294569	5.03256631282314	4.44623706217885	3.7589904126961	6.6128818392038	5.96817840037916	7.57150313966058	6.26037891605529	6.16451833859805	6.60559113211434	5.51148067298497
LOC100506834	3.57564651843705	3.69056264967817	5.05307428171084	4.08217187439405	3.143462646085	3.86830820152271	3.52923282878451	4.23457585704387	3.63199440018869	3.89717213347878	3.99070281368962	3.43285203959193	5.21919030780411	4.3763944836723	5.79493709748901	5.40557307412733	4.79565284095164	5.53746330882122	5.11239530335972
FERMT2	7.98777626332603	7.92438958596933	7.99742051154321	8.20858555486347	7.69794535393618	7.70775014092296	7.96584043082716	7.9658854576829	8.05835217912495	8.10287000159207	8.18084307881882	7.99537331620051	9.79666634602271	9.42940713486617	8.47984589063608	9.06697401747298	8.66179069868423	8.20257336568397	9.29403016081606
SLC16A2	6.18933558486156	5.62374327802911	6.21701219236327	6.04907911066627	5.59068789127448	5.31147396962383	6.21630973126821	6.3470275709837	5.63660228851275	6.3958245777151	6.71128402066501	5.45071434724727	7.54531732330824	7.3082743204256	6.83167561349614	7.05091091313187	7.06649746238522	6.87856770203529	6.67159199742201
SOWAHA	5.50554555786857	5.73849998080137	6.31685654953335	5.18809585287687	5.02367502268072	5.04611189886346	4.97270770218881	5.89741763509149	5.354911936329	6.54744727823968	4.76466995407265	4.46748056034257	7.7945988825365	5.93036598168078	7.45187763047739	7.00761718590319	7.09193844417355	7.22745985487725	6.49477648914017
CALM1	7.9405502138749	8.50023513645324	8.14727897405455	7.6814026705583	8.09591213875889	7.80739286758874	7.38908409020638	9.10320476739785	7.90225332908422	8.372172571472	6.65083079921857	7.56797887383332	10.773220537847	8.33790660069611	10.3038493876143	9.90692021666668	9.76458181887336	9.27098554186299	9.28429135698009
FNDC4	5.53602509487727	5.14034040449206	5.44662810997635	5.91234806340684	5.14317362830391	5.37304495852969	5.89892229309005	5.44962998614708	5.26904429076338	6.0920344158506	5.27174214732273	5.60331997621117	6.60664520670712	7.15052515365232	6.33572725248121	7.0133032205246	6.55335717921164	5.53843632529904	6.81027702927376
OLFML2A	6.1437719045013	6.90489115939594	6.75537325317982	7.09825456458763	5.82485629999908	6.32773105737899	6.39723237534665	6.57137571015384	6.29334471113775	7.35886248121391	6.79798331191328	5.79689901502914	8.77568203370597	7.44157892482246	7.80658780199254	7.91563396107752	7.45293146770224	7.73598097118117	7.29419175830759
ANXA2	10.2074492200589	9.66077675196753	10.3776700312281	10.4196998021993	10.5773077456748	9.88151734859522	10.5484953193887	9.88396147345259	10.1205912298569	10.9192606238079	9.3747867266347	9.44356505437665	10.7046625974852	11.3015822350491	11.1593879917866	11.5671598893289	11.1328790401977	11.0914177554396	11.4744099734624
LRCH2	7.68740945870869	5.95124328899024	6.81875006232459	6.37281211577958	5.85424949559362	6.36576379816996	6.04342837530139	6.62634691575813	5.58629473648262	6.76903104393771	6.2960737750586	5.89684588997996	8.22991555711084	7.47705928526263	7.30252418505623	7.84163636382158	7.42276428454078	7.35177917566284	7.71893066267963
ACSS3	5.54125768696527	4.81600438530027	6.02616494325571	5.90340326019832	4.70924424953864	4.92857277144594	5.35022360693714	5.86196102177512	5.23299243129587	6.95494499446562	5.85716612854436	5.02392717592124	7.25861131892673	7.32757430604528	6.82763907165353	7.27977504114953	6.73957308880352	6.64204907656588	6.41614921338555
MAP1B	8.26279156133885	7.23983521877561	8.32387217199083	8.02077761144482	7.43508959461603	7.50847556566019	6.95582660650919	7.89990449631914	7.30736953972483	8.10310337089002	8.18338287512692	7.55051044048323	9.58711380330453	9.61665264752789	8.47468612069591	8.65695821675068	8.31984410032505	8.72712759634178	9.12044791010522
MSRB3	6.2637934993682	5.72950500462826	6.5991332661251	6.73745496895922	5.59484618254309	5.71815492774427	6.36214068613245	6.38862843858566	5.95099106566502	6.70793864348684	6.75171145473155	5.59819245217877	8.45268407198453	7.39591694187036	6.8299555981962	7.34914744262414	6.95035687856924	7.19635021091704	7.68404234244762
CAV2	6.43239103596831	6.86110864971338	6.8393173563405	7.3667154513643	5.93499707981544	6.36016426700833	6.78556263153785	6.22972787179495	6.87750878804405	7.39544435285246	6.60618701954738	6.46311489892197	8.75603715374758	7.91148688480448	7.10150967451924	7.59894489985168	7.63068183872219	7.64533854521556	8.04800001677722
AOX1	5.73456232293344	4.63355283913702	7.76725346978004	5.74776086513264	4.44984466430234	5.3081907135365	5.54843436391566	6.20914844900886	4.74732688228335	6.64520470445016	5.82734887847508	5.14693235120221	8.42866941380443	6.70341017736126	7.97387374261919	7.66060296579762	7.4192749684476	7.37198701016847	7.47280054016182
CAV1	8.33273847659717	8.50220948361241	9.0694360822778	9.51714865392722	7.33710995480836	7.58868186116649	7.95728729252667	8.26757893588757	8.27689617410024	9.17603231127479	8.43106852395658	7.86995398210254	10.5095786126574	9.51588759396565	9.41889430348721	9.44385295450849	9.83098202338161	9.36588248502609	10.2279610742253
SPOCK3	6.70690564500821	5.59687637333462	6.48343322058619	6.9392038511194	5.66912278376962	5.32116112607745	6.04442440644909	6.60094018562766	6.08944293775191	7.00640972166319	6.92589823865151	5.5509346206627	8.34255445121098	8.26494659353266	7.09971314557428	7.31228645280618	7.20016369812075	7.47942467374404	7.58835353268711
HOXD11	3.63683304756136	4.42562759634571	5.02536188392301	5.40170381127932	3.97700837800672	4.51804166929128	5.24117190423576	4.63136259850418	4.77237632987237	5.71626567174599	4.18810766495435	4.3360649842252	5.89501655151128	5.84881686397582	5.86086607399342	6.38049128869027	5.20324560315515	6.15109168551383	6.34053667966814
LOC101928731	3.10369360459087	3.57792610983873	4.21498558503294	4.10582194974225	3.78555859476829	3.53981485087574	4.32033772942972	3.45907696421468	4.16679418741516	3.78413961779773	4.5322923927473	3.21749102766597	6.80279195081089	4.7861548854217	4.65918009609887	5.15591261693763	5.50182615922075	4.36667765643895	5.23617481047484
AKAP12	7.53691074746107	7.37588051865573	6.50350884166811	6.70106523356601	6.58633057988853	7.93387351475892	6.65943145594215	7.35585742213397	6.50999992112231	6.92881943706838	7.51438312345692	6.36966948796844	8.92318034231178	8.92885599895842	8.09343789365283	8.62598679053373	7.57575342560512	7.56198167407911	8.16305167401311
PHYHIPL	5.30528199649699	5.34123760720222	6.32321169571669	5.29016062527535	4.93631179753189	5.03189462435265	5.24452048015654	5.54234000093574	4.68684981509607	5.69428153081315	5.15134181453112	4.96742383195758	8.18932978232671	6.45571129935362	6.60222805380105	6.57849118197625	6.41907964059705	5.43248415950343	7.26968012239853
SDC4	9.53791040202995	7.7983088689836	9.45911047589807	9.98172044957831	9.82902429425173	9.67671903160539	9.36219843792532	9.74400971285123	9.86263561222029	9.86263561222029	8.52023085727635	9.38697891407939	10.9520323748735	10.942432572812	10.6072755303575	10.7159398218882	10.2332123889816	11.0138868460803	10.3756610710032
RGS7BP	6.62695812737448	5.26184866800398	6.63282295053377	6.96144939601594	5.30432162676694	5.26184866800398	5.53849051065471	6.00054105947125	6.13452558276581	5.92282336445337	6.25679247228417	5.61494376172313	7.35654471397278	6.83380568045526	7.38335187305799	6.9269198656049	7.13316041360736	6.88028155875441	7.20964475672688
FHL1	7.68007567538739	8.80091573874797	8.07162610413999	8.96398146334876	7.22117804895194	7.1807486302349	8.01843665716845	7.25343568522464	7.5683401205429	7.74579161925553	7.38991661044436	7.91889713883781	9.85377391267915	8.86869492599978	8.78705560358522	9.39730875301397	8.76055718627348	8.69465449762416	8.99776108300082
PARM1	8.94488429531147	9.10334497473169	9.56497834284841	8.61859301994255	8.81276549433316	8.9648703766583	7.6101672380449	9.4689428161864	8.57608088815453	9.3704301140837	7.96191554725412	7.68624447576879	10.2998310543022	9.54895157716299	10.3519872505236	10.2621135527069	9.99013219271087	9.55338495115056	10.3536449059645
ST8SIA1	5.80474863002859	4.53493056243914	5.30623789584253	5.09930262549509	4.3271623969589	3.32856403190785	4.98239926656421	4.47557179051299	4.16844213637829	5.55598760312785	4.73262519216881	4.695818430477	6.81558845841278	5.84917927230921	5.94928358779599	5.83527455945497	7.08449697935226	6.03346009248825	5.6933249040309
LOC102723845	4.96854204103186	4.65618596478674	5.36350299959989	5.15207331184339	5.01699252555768	4.63886950399273	5.37174749790718	5.50554885345904	4.78379614763555	5.81197552858919	5.50697174369973	4.22848830953173	7.07507516787101	6.042152516741	5.64340852872914	6.0591130627263	6.14276083938679	5.96274542850337	6.00114418535385
FAM107A	6.62679222825548	8.00137785807725	8.14069535359394	8.2123017159674	6.79204764903682	7.03916591371765	7.68486770499164	7.32740293250711	7.56259940490926	8.25113819759267	6.41248978488945	6.36159759142122	8.16351734291326	9.25400720017124	9.15035415478962	8.6947097415897	8.77495814728477	8.60743099963903	8.57457190844489
MAMLD1	6.14442481707206	6.04562107650958	6.437605203673	6.8443697726335	5.39712368651827	5.50650898455127	5.77628849423617	5.88797934108643	5.72380921574211	6.79587155600089	6.44188315726967	5.49497392633285	9.09482196938146	8.5259235080513	6.60840130453931	7.07860969236541	7.08277695921895	6.72743741106333	7.95288144417701
UBXN10	5.08176140144338	4.23619389946185	5.45881009437535	5.54867042279023	4.59743156730309	4.86137865627314	4.83113970894646	4.52976151151005	4.55092155768317	5.62937187695638	5.15987231107581	4.85063110303003	6.92859822920729	6.44488670858004	5.6234292291086	5.68608280585534	5.95040502637406	5.35477324000086	6.10829455825432
PEG10	3.40888381334612	3.47547239648618	4.58933457399727	3.88783801711049	3.77185619351351	4.08176196020182	3.6180798352882	4.16027842689454	4.38443462153637	4.48185239903112	3.43938628728064	3.25000497355727	5.47723575466006	4.07250856306994	7.80352634424291	7.14484528765253	5.91557600279932	4.87778977595274	4.98506446821597
ITIH5	6.52865449256286	6.78850210263921	7.20603682462373	7.15936235391606	5.44298804809934	5.75725199944476	6.72011479304485	6.21997429771618	6.03562773201055	7.02475261640268	6.71885408841451	6.2489932519353	8.6459782631727	7.9662257071579	6.92440366403506	7.44593833076042	7.70801536166203	7.31507381790032	7.91124225368621
RBM38	6.46387186557301	5.89335565018724	7.03335025949712	7.64860572499901	6.50294353522039	6.89579985831929	6.65933908665321	6.64627129499925	6.94075450235304	7.22185797404574	6.33102236745407	6.3704936224804	8.82138802213732	8.13806132767352	7.05279402535231	7.56460220334553	7.41702989604395	7.6821969700854	8.24724991268626
VWA5A	7.39996505969192	6.83833794677635	7.67046220438252	8.3536794462148	6.61910595726998	6.57886730464068	7.03810415334415	7.20058879536034	7.214682807236	8.21991880612153	6.97662944857493	5.86279851795205	8.76889474605111	8.92164689336807	7.8403788202292	8.26944482912772	8.3626255872746	8.50905435686154	8.55210376154524
C8orf88	4.90582551394132	4.34546663760972	5.44404965994722	5.71840974780449	4.18934166157155	3.69229920567772	4.56912526686066	5.0365567037888	5.23569243940401	5.10571042946852	5.33986570463143	4.17834320563528	6.73990778622894	5.47385872307482	6.52335479321168	6.18548973477836	5.8706546158926	5.34354620266229	6.50209790018386
MAMDC2	6.96066285413763	6.64472138468585	6.01535381501235	6.82441052697744	6.07069352329382	6.22958320306761	6.47685323626637	6.24843433870581	6.19721173806091	6.63300572307918	7.17893720954861	5.07787752272333	8.46091378336705	7.67556331054874	6.97067100157657	6.96490295782567	7.55594609474676	7.63573544477148	7.5344479309398
ZNF516	8.19263117597463	7.4676902331019	8.43414261096957	8.43306365593879	7.6116730640782	7.02714120536636	7.44156085486613	8.8275716632373	8.05108239120312	8.92954846204436	8.26920785787078	8.21855328703924	10.211830619291	9.16505043424277	8.86004250786706	9.13198535206574	9.08365569536885	9.26831077507891	8.9654692266911
SLC16A5	5.33957855343964	5.67229815230297	7.55188279946881	6.73531443895307	5.28826291104113	5.68143411495499	6.56291667149397	5.69738537550167	5.86276076090505	7.1266587931602	5.41887327065566	5.91661154393609	7.16545892487822	7.27610077389106	7.51369827418686	7.29608077607657	7.84255867781538	7.94667991778353	6.97673031471007
TMEM246	4.71346973668061	6.43965623902141	6.52557022597927	6.00007550879384	4.11745014509687	4.68863823948241	4.68114469857839	5.98565766568808	5.34329089977962	6.34223591204745	4.92251384143544	4.51686993297982	7.07432828729278	6.22136630010341	7.25501709509695	6.88904393874004	6.94219274154224	7.03210604467372	6.7053026939764
C2orf88	3.37326359792246	3.49613670853615	4.54772866940962	4.73745853302134	3.33033724556195	3.47774489051555	3.72304244246536	3.84070407944634	4.22442921721667	4.6013767776277	4.06523575799054	3.31190105653407	6.80275129880159	5.91760893078943	4.56134779139728	4.43830550634087	5.29150064211316	4.67692976169341	5.35840881146624
MYOCD	5.64565908077619	4.3748634951349	7.12139535279642	7.07144703276227	4.88405119607507	5.20054595240525	6.24400272399455	6.00283774387129	6.10209895981795	6.73135098590832	5.77863706383891	5.42814854579644	8.80913721233164	7.37123232803334	6.70335945757132	7.18942461001554	7.28796317085173	7.28407452551234	8.61359088349193
S100A16	8.19356108509319	7.82964162090772	8.17136914571919	9.24266095847844	7.25368750753262	7.8900657284163	8.32222259253334	7.80402159453573	8.01383672627333	8.69857096119527	8.29483220526282	6.6083860585678	9.432515690094	9.96917792657527	8.78006920930218	9.01889507821583	8.83839704457297	9.35893008275969	9.51919837646394
LMOD1	7.982969072529	7.05311918103854	8.81532534675596	8.41230670022914	7.02167237418634	6.85510082650534	7.93640952646652	7.07586038529767	7.28462747335673	8.28202828545718	7.85087359026369	6.71607756562473	10.676256277783	9.41367315579464	8.15471895959554	8.99784038456265	8.90092191102618	8.65466087647999	8.99745160829104
HOXD13	4.00407087978081	3.57190373100934	4.39709331043723	4.63028926323183	3.85240935479558	3.94262873829259	4.0982175373961	4.21283826839009	4.093346820163	5.19370107163212	3.79602168184516	4.06360520160405	6.8708921832637	5.57469259878879	4.47230162573293	4.80388514022586	4.91224173087281	5.56733354031696	5.31888943433641
RND3	9.09707793103794	8.82373150108025	9.62876923150545	10.4824751493772	8.40850627016434	9.90124560974911	9.78680599186009	9.21318937367226	9.68821638344426	9.85935105174666	9.01904211945245	9.18473803368204	10.5522883191443	11.3102500622797	9.75868140735351	10.3492199565824	10.3327216484606	10.7925749194182	10.7754498556102
NBL1	8.58699486860545	9.23193299632942	9.35011038552534	9.16460922510745	8.49751036880334	7.72050209714892	7.98105222336231	8.3411741896041	7.90229539896356	8.89741878317471	8.2563640732745	6.82958000125668	9.27027787924007	9.4447114778772	10.1079310871677	9.84837103722469	9.93399143762466	9.43644496118778	9.5711892439116
PCDH7	5.38186181435347	4.19133503074873	5.75818445295554	5.95783371324753	4.62639792695046	4.6021653398347	5.16352620393415	5.28452994452703	5.23839437657718	5.95280386385795	5.30549509022858	4.59223635302934	6.1179664307893	6.07853114942451	5.82502018937631	6.13501607907022	5.99174292223461	6.48527897100699	6.88421762601749
FAM167A	4.48001715571397	3.90646763559176	4.84160474299518	4.10235282924339	4.14621932977984	4.48854622219283	4.85972180017654	4.95764051025646	3.95278059414265	4.70477467976216	3.92182505900545	4.01654586855445	6.87808976130825	5.28141866520769	5.26511310614363	5.1895895271222	4.85964699384086	5.78934064895434	4.90234754992457
EFS	6.40729970693066	8.19654810915277	9.14296930908129	8.63772233236093	7.32141546839698	6.69387358020519	7.67536629517442	7.24637395316396	6.86813237701823	8.46303454042247	7.22886235836526	6.43338198227445	9.3288128609706	9.56268901893312	9.12962296271927	8.76068404042163	9.1236003636696	8.40801530781663	9.15874653857621
EFEMP1	5.51492005657144	5.50047614258416	6.99521527942561	6.49904250200205	4.82949483328029	5.44913458188362	6.24961531650094	6.10246671948414	5.87796505183683	6.93809164139072	6.3103801792561	5.06920530595575	7.31702683471165	7.68524161925387	6.66769480197256	6.77562677463865	7.29282861930472	7.06159496377096	7.33825755656681
ACSBG1	4.87777846171484	4.62988340134565	6.37398295274127	4.95546724762135	4.33512844695513	4.31036033958395	5.2117458620754	5.30962135175786	4.78940130554149	4.77301882746941	4.74816104782664	4.5179672777434	6.2684926173213	5.41920560416906	6.59023597993511	6.74156545035992	7.58597525553413	5.13942904904231	6.01781164775366
EID3	4.76550994136346	5.57070914464735	5.38502303099175	5.45630097015924	5.26256121421384	4.50157046377218	5.59958225142426	5.62500283643023	5.39322974390374	5.38252600494469	5.40410992919847	3.85828873080422	7.70803243521133	6.31416032746005	5.78175863304777	6.09699962329705	5.96039338755103	5.94494711737219	6.88127469244581
DPT	6.18098242446312	6.45833168057862	5.97460144116356	7.18888023660628	4.48937870907222	5.27367102312316	5.7145821971814	5.13624492802473	5.69228074461517	7.07639777271039	6.56307676267864	4.96968897244155	8.10271038946225	8.2362207521301	7.51401390557122	7.67554186555293	7.62647494509872	6.35067530614719	6.77014473054027
MYH11	8.94775465770949	7.66034498293786	9.93018116968824	9.51247564086937	8.54079571060373	7.93119714953279	8.82502621184269	8.96888148836227	8.60343419744707	9.59489226786676	9.21896967178646	8.74279030032249	10.7236125943421	10.2348941013163	9.35353822443517	10.0585138785388	9.83789164687989	9.8855725385825	10.2998076577323
FBXO17	5.37549576232957	4.55001022114654	6.68870767452693	5.81152145612418	5.65886594235247	5.01559554407813	4.91043043854406	5.97219960806379	5.11898395622995	6.16196617334662	5.59246910695326	4.7133059521601	7.39595097502754	6.79911090645488	6.45872973795179	6.26964374762807	7.35389652030516	5.80204230745074	6.82749089182077
C3orf70	6.7244718664115	5.72234786231126	6.91598425397572	7.06986044826272	5.42597600387346	4.67798990781772	6.16786196072976	6.6078692201851	5.8016061192729	6.94123410842819	6.81635518528217	6.12695846134935	8.6175637375364	7.47549136696186	7.15535850839592	7.42645320075635	7.72635633283172	7.07628370781607	7.54344728779306
LINC00092	5.34047856375388	4.88453374384518	6.45370251064972	6.02958977099753	4.81971480766473	4.76967528304363	5.77760477789993	5.247805952494	5.3328741579902	6.56904947366259	6.10782749830601	5.06808851925141	7.06059843068204	6.95518821470218	6.4164216573169	7.05696724379134	6.64430867988713	6.14809379157266	6.23920578928539
TIMP3	8.92821430144992	8.53804592883054	7.95481306932579	8.58978244366446	7.19292968568684	7.6367877305003	7.49895337946071	8.75074205446395	7.83943573092698	8.38655956313405	8.30526591688282	7.41700316459949	9.38937046653843	9.31946379445037	8.53788732872331	8.67593199519688	8.82452361378111	9.62716507525035	9.6630047338248
ROR2	6.9691615182847	4.50342052849334	7.34306857094951	7.10979678245961	5.75385013317028	5.52567779825816	6.74320763598311	6.71582401586807	5.76751652127836	7.54481175011477	6.74421401171416	5.7179157726783	8.62695199986555	7.68097901767344	7.58562826486941	7.39624317209415	7.76784118376749	7.83287695771087	8.0584538068884
LSAMP	4.8927851011602	6.51376830591323	7.68529648344878	6.61242886914685	6.050088298146	5.1137473445757	5.23922260021967	6.64525343215189	5.10770717994692	6.93914394135557	5.46002322674048	5.55895741448709	6.48542890077896	6.64678665727866	8.23996892340048	8.38538008420742	8.37292474437174	7.15936992914989	8.51355030296513
KCNK3	4.56676060707024	5.00156105824803	6.37372174840868	6.56046084397187	4.67559771672591	6.44787387099683	5.45488448657236	6.07986089029542	4.45214296247578	6.25175653194485	6.20666990696856	5.35614868748722	6.82676705719628	7.48982402096028	8.01109319015574	8.12962358841261	7.49355534706732	5.75539031138864	6.56116154934025
POPDC2	5.52274663568623	5.79682993923959	5.98297415603855	6.52150948087119	5.60436917816368	4.61709375781397	5.60678079415702	5.3684164960586	5.47248005315537	6.17510436944103	5.95428322048876	6.21332945187387	8.0446779519869	7.89656609664302	6.16674650408759	7.11194299351644	6.44949346315017	5.94750013730475	7.03976968497476
PPAP2B	7.05915527700103	7.62388213372301	6.58610106126119	6.65835578268461	6.59171056426017	6.7049643855325	6.2872664528467	7.97374994145715	7.03834179420914	7.13774874613328	7.90130712711679	6.6508902492087	8.75323451739089	8.12307960113946	7.28545326770205	7.73313459509237	7.68316077905466	8.55833094340129	8.45040426216569
CSRP2	9.22688735897109	10.6699574233452	9.06177023659389	9.75446847002465	7.62316034256703	8.34989607054785	8.72375043884433	8.95832768539248	8.41175704401311	9.3966780854309	8.79675370887751	7.6271693761691	9.4368239606304	10.1428961663752	10.8707772085868	11.4328473455829	11.1404430969554	9.64430561730539	10.5209685386425
SLC18A2	6.14410039494	6.07037353676442	7.72994584676068	6.90104932353539	5.40273755631027	6.09201007169887	5.79642289804892	6.35684659351338	5.89347347124138	6.90939077340114	6.07122787441596	6.2919060548923	6.49262791950415	7.11159542160084	9.33997181284166	9.34033925363971	9.49461874375668	6.582963405974	8.34051299475115
TUBA4A	8.81105766600826	8.14473872159088	8.98087231715058	8.88684797772783	7.27802119731196	7.56076820314227	8.56692230876735	8.19909321215878	7.99877583068522	8.84575910526449	8.63965001882809	7.26820314889354	9.09958488953011	8.91029415826606	9.55381052134863	9.61216339339901	9.56539628752185	9.22436661934454	9.08106585375754
DACT1	8.68998860451211	7.46878719316178	8.04847704127164	8.74061772924566	7.43913995259468	8.40263221136481	8.01501577066996	8.41354371434867	7.83625910447739	8.21037723125894	8.46428245749387	8.4023811687395	10.2022927566358	10.2811030497325	8.20956643554537	9.32206680761194	8.69012033643491	8.75464277564115	9.54545983291506
FAM46B	4.63757430493185	3.12383840642493	5.31371730630196	5.9283236217573	4.49561641773783	4.31682032411524	6.18592874481651	4.35870033424409	4.70080956028439	5.65472493510785	5.31826557376704	4.63168768624009	7.96240122660337	6.75560571882421	6.03343539740895	6.88446643380159	6.03910747291601	5.20341119072066	6.5018134826825
SRD5A2	8.33691120650957	7.58199840623099	9.17589788779305	9.67692302816536	7.95472889271558	8.08091937602802	8.29323926948039	7.78659478982975	8.38272394451792	9.13982755237199	8.7488235787804	8.2544894324337	11.0747931256223	10.0956098964047	9.08450127548938	9.09591269424869	9.10534850258728	9.2976388836719	10.4552370291829
ITM2C	9.9706262616958	9.56992169957565	9.95279073584008	10.1150455597446	8.71695983188489	8.04618248968711	8.62775218623895	9.88745374151119	8.73901464792847	9.6600779694113	9.14476004591782	8.60708069426093	10.6032736501096	9.94419035885969	10.330075110762	10.5218467210825	10.5952227484869	10.0881745024451	10.2818156201039
SGCE	8.46517651961235	8.5293020103678	9.0866206889103	9.11143915648566	7.64924391605083	7.68182039247168	8.08051948469014	8.61153602112227	8.18725411809361	9.26800320938773	8.4861271732437	6.90664882635254	9.85295663940272	8.40715922060486	9.79722417221914	9.96494188374571	9.59718440390036	9.42289089522145	9.66143143684906
C12orf75	6.48496731700051	6.06375664117469	6.76697715590718	8.26255839787605	5.86435968588226	6.12997073731813	6.40470688335614	7.04943780140518	6.28492378600622	7.82743501344759	7.1246741877262	5.20476175036945	10.1389158828757	9.00122119716402	7.14562926743673	7.95439269222492	7.98565456858355	7.55473013584179	8.22396980377514
ATP1A2	6.38828582263825	8.08028415092659	8.31909825250667	7.99407267896705	6.01139446065318	6.0963921238983	6.54195240903533	6.48326557001682	6.52531752412763	7.49149487348642	7.04486085000349	6.26935900719212	9.95613342597867	8.61699671718072	7.54972876053506	8.0640681519356	8.32811344398644	7.83625349080442	8.69360280414963
TSPAN18	6.06778437289929	6.08052430254644	6.26918968315468	6.56264626076121	5.35677852312984	4.91750962301007	5.780165281865	5.84392208755065	5.33154778429965	6.30624328064479	6.12717231488916	5.78164375912184	9.02949554536716	7.32282470941196	5.99625458571583	6.5420289056026	6.78085918041574	6.79783529237153	7.6146014838822
EFHD1	6.15490799657155	7.64691282652569	7.5448923442591	7.91469176219474	6.76853902776755	7.7200023412375	7.38496485792528	6.85593368111668	7.02653792818132	7.13357227342058	6.7105344200846	5.68814054269895	8.03182939274173	6.91545492284429	9.68119586015571	9.0306534220491	9.46204447021849	7.50832142175268	9.3962926091332
LARGE	8.15500346322055	7.61979789060174	7.58722679701298	7.79366536882137	7.0918763108767	6.90882684245728	6.73621606156236	7.00692181319622	6.54802868261415	7.77210980949841	7.60147403153215	6.68826679842752	9.31351992436277	9.00652682452002	7.71566521078737	8.23138777934782	7.85298227116857	7.97335071905136	8.14984829527597
HSPB8	6.35257360587996	6.97988269849154	8.05259092261645	8.05682303880986	5.78876694889865	5.98839511027953	7.00729347479394	6.30450456255964	6.75892290889059	7.45079635633981	6.905364749579	5.9589916178436	9.81170858813282	8.53484890670125	7.43657918848518	7.89443398111511	7.89050899801177	7.68048196062018	8.28357173555013
LINC00960	3.19301574109777	2.84920886099373	3.41465081543356	3.4389375974823	2.84969599350818	2.80190977155037	2.97804836400928	3.6869891747887	3.73175135393012	3.14497298186513	3.13364996819385	2.98445872312464	3.37587943831774	5.03192208033872	4.4453195012925	5.56673007129034	4.5130592269005	3.94013274168401	3.03545776934433
GSTM4	6.17474138531385	6.18393865586352	6.70367661861054	6.95602277212186	5.23139490463543	4.35381010355646	5.85442732243861	6.16134525905403	5.78461763987412	6.57261614017777	6.15952660872272	5.99574648129506	8.33528566964666	7.22165043132179	6.64961294932253	6.714159041658	7.13705333228602	7.38857314170395	6.95079489496013
ITGB1BP2	4.42499735902882	3.39741611770697	4.77849973736206	4.82878610118194	4.37253741797013	3.7601615385518	4.79468182638877	4.47273915113074	4.06699506255108	4.79468182638877	5.06941037590624	4.50997693080633	6.84120532997429	6.23022791864641	4.74181048850978	5.53663084192998	4.92652255945033	5.05197649724285	5.42603648041643
MYL9	8.66176346063607	7.51875378130214	9.52873725332791	9.75927562323174	8.18822937853841	7.30536799019216	8.64267433286195	8.45943870748977	8.25299258487621	9.03153869804995	8.97354554043695	8.05967751818057	10.2547089076368	9.97101143041893	9.21262065329762	9.79148582249788	9.63886769055568	9.06625141123717	10.0758350759389
TMEM35	5.99123216106712	3.28981080883784	6.51066417128409	7.60775396818711	4.24710863811151	4.03883652292666	5.0613350923308	5.45313441919684	5.22940889549931	6.51573582031505	6.49519407602957	4.41982577806571	9.79135911660338	8.41285233195672	6.2536529062435	7.03894484808065	7.34306857094951	6.9525043577746	7.50011977130603
FOXF1	9.30096433768183	9.42156232741309	9.87198524329639	10.2686617484887	8.24366214009632	8.90784728344901	8.96089588951231	9.73938013282816	9.13965097369606	9.30737156684062	9.51839894740739	8.57680476009505	11.1255747447379	11.1896935291986	9.25524564101717	10.4473464498024	9.88801214489168	10.0791334346996	10.7602681353145
SLC16A9	7.01980296683715	7.63045854663614	6.96264459791739	6.43232703907575	6.54887151434609	6.35929858471886	5.41908796533301	7.22569078156708	6.15232825614781	7.12567653009575	6.78747275320277	6.41069235319343	8.2555495578077	6.83232482980898	8.2185475179579	7.7532386490094	7.51207086321057	7.55873645046318	7.63092575927222
RBFOX3	5.26468714354276	4.10086036415442	6.55701574378602	6.51361958454645	5.04822947365691	5.51381213115068	6.33710949088403	4.23118443644772	5.38802383638603	5.98150750675696	6.06906415554702	5.37971967917851	9.41449190459678	7.51304123732926	6.05348797189365	6.91150642745778	6.89423572946029	6.26129126627974	7.33972527920119
STAC	5.78896185611855	5.94638563116053	7.94986494555386	8.04291917724777	4.74320347230225	4.63735957643592	6.01650098734967	5.31432505651556	4.47776550131817	6.42516019508186	6.43276812881922	5.29473333762852	8.99798312158182	9.31311603712333	6.27637088356133	7.83620382594925	7.57470441904064	7.19272809669188	8.40753461924252
FLNA	9.29533522833581	8.0099130030567	10.0191751367354	10.1550917297313	8.24822577739968	7.99766414237056	9.12784832121299	8.42093964385203	8.47392168016108	9.62022216014733	9.29481943204502	8.51267715418665	11.4700462657711	10.9001727524434	9.49562006392192	10.1146989599879	10.0602533893504	9.58600557610914	10.2047774176641
FZD7	8.48350929517579	6.78506301348783	7.89569386206163	8.78468953052428	7.05155915207715	7.89484977924143	7.94752683512782	7.83415844102911	8.09692271194045	7.91527034830337	8.28559373252271	7.20479609511306	9.54864102773728	9.25445477141426	8.03671508458225	8.65952103990534	8.35114345827557	8.98641596800112	9.53477779388574
PAK3	5.87813380641673	5.23054712982931	6.94417293339717	6.66989804273338	4.99324742497886	5.11088702401075	5.69515161281959	5.17702213838651	6.09199748303064	7.11799959400027	6.65756777933247	5.4789441258893	8.55221719542288	8.01799462737729	6.60112242948564	7.05481313903696	6.96033466050025	6.612718767177	7.12986338940519
RPL39L	5.29162664959838	5.7084505804069	5.74441674734866	6.59968570116425	5.33743510423282	3.97617263980644	5.64893737431787	6.18825782645908	5.76511100213141	6.44810463487036	5.70885051251124	4.78589516550916	6.55260804230847	6.50851734189833	6.433385448013	6.63029337179703	6.71465971952414	7.28193095973354	6.67807667145585
PTGER2	6.25725388678307	4.72321736030617	5.43741699645697	6.80166792477491	5.33213491071892	5.89420651163411	5.95368447877203	5.5373847439914	5.74205292679053	5.95464552360822	5.97249717307612	5.06196819119589	7.17791404189305	7.87668816666546	5.98801584863394	6.64279241775728	6.0464874742051	6.6758065954353	7.27231630767908
RAB9B	6.00513204871699	4.70717336587431	7.21954234879789	6.88764602489434	4.99123901854868	5.53257695206966	6.2218290983549	5.35845595536988	5.95493536576962	6.75843482165975	6.82947209663423	4.87865868827696	9.06180024761345	8.27921901309039	6.71838050168911	6.92132719135219	7.11554552886956	6.62881569721345	7.86666765201948
LINC00844	9.25215180919097	8.57416993178019	10.695176746263	8.91135768229682	6.26062264923467	6.89963081148092	6.1137871286568	8.30419068167763	7.02055049991061	9.22535086303239	6.92754376759496	6.714154963294	10.5364022584585	9.23123002624904	10.7069790715936	10.9708826524011	10.6051753794164	8.52275306152387	10.7364081390499
GNAZ	8.36947896554092	7.67504562361516	9.74864374364285	9.68454466287668	7.47667006396647	7.56633550627889	8.79351830028976	7.98098275639121	8.00686918587321	9.37788122666154	9.05751165426538	8.59949245999503	12.0821643554254	10.7861061992644	9.18535558146905	9.58282316115746	9.99219907529917	9.26628867899993	9.89202053494811
CYP3A5	4.23814816098233	3.69910006882665	7.42095844331328	6.26696023246738	4.06985928589269	5.1354439872866	6.13566096102702	6.2373603186739	5.91729133794343	7.11358508592405	4.15673381577214	6.05413108577914	6.03541698669596	7.64649855551146	7.39929698239302	7.3633352380795	8.27694258719455	7.15459386074949	8.86669280861692
PLCL1	6.89359643672757	6.13580822470408	6.34889563097048	6.14320150538646	6.57515356756126	5.8899469520128	5.7395093506082	6.37232532110243	5.34832321580315	6.30660754401523	6.15234447446987	5.35106498912231	8.61386378297185	7.65837990466267	6.60894350322302	6.94750742285422	6.39284684933701	6.62108369070712	7.33130009630668
INMT	9.30495032821936	8.31088547865186	9.38007516073015	9.26810339446984	7.89626976284052	7.702876722259	7.52604258331122	7.86487197868598	7.65603621827601	8.93273918163804	9.0806261616636	7.99092019173086	11.0117024883435	9.72400145738004	8.97589526607267	9.47513456129035	9.82159563748124	9.08454269624563	9.56707645914008
NEXN	8.50748555118114	8.55872691734718	9.1211472687666	9.08357762382417	7.85983200392891	7.84825506682485	8.02236691686916	7.68298488226338	8.03097417322536	8.4232467359726	8.97041299454775	8.11713588352165	10.5485791154947	9.77383792927204	8.39144702710795	9.04174104128295	9.30228340062117	9.09640415655644	9.42861600236694
SLC2A5	4.43057141978379	4.54919506971019	7.00403108920523	5.338551564817	4.12806170200228	4.65017866544837	4.88817133526257	4.46037459625067	4.69657546486814	5.5289888562434	4.56167495924297	4.31486317028751	6.05541974605356	6.34075187974575	7.32618134058308	5.0281780084344	6.60167216810162	5.59474752114296	6.73509077705028
ANKRD35	6.06864375042632	4.93830871618827	6.46743737083377	6.24576228585973	5.33972550773596	4.29414364805375	5.91318524466393	5.14222211089435	5.6503131439242	6.52263503911437	6.4395458575079	5.30362458248095	7.89087486937671	7.48318566429283	6.12009102900527	6.6314343523025	6.64778108219884	6.76852925707035	6.58011254571111
NDNF	5.78536238460451	5.08390751028204	5.34415276295513	7.06612556354926	4.88802924749246	4.63736082848195	5.97693025243804	5.98715174139632	5.35014665898073	6.19206227040528	5.25442258080816	4.35424220105028	7.09058894262954	7.86497582531948	6.03994098175887	5.94549555473261	6.34964255536541	7.82696236437759	6.73308266121046
RPE65	3.15942041157877	1.99427047631008	3.46715521262408	3.40522171042667	2.68514473833035	2.85024846700911	2.92936187843873	3.22561757243196	3.53189039109082	3.96924358708792	3.53189039109082	3.17938067327341	5.59076035940696	4.49409107822425	3.53189039109082	5.06173910216068	3.9969329275935	2.8968380801823	5.29706489809411
FADS1 /// MIR1908	6.91516352762695	6.24167864136973	8.23856533766713	6.94633857949005	6.10133952214393	6.16641459011563	6.57162096589626	8.16987393275372	6.29034964389973	6.7861045210419	5.80633419074624	6.95757159399458	7.35825601078892	7.83663795715366	8.13256788416787	8.61545608278769	8.69926805073356	7.56555418699373	7.632915043999
PTCHD1	3.59247791058414	2.72366059695763	4.02882565086973	3.87983709122436	2.98262254292428	3.37532063418193	3.52940477677004	3.52810519263054	3.50854895406548	3.3246092743736	3.54995223330542	3.037508252576	6.31270464676862	3.73973448848478	4.15015963536491	4.44862883979726	3.82300959163418	4.31867913739022	4.43486031812
ANO5	6.90915259268208	6.12780647388629	7.66266137591916	7.29649072556202	6.04686930799048	4.90425388756575	6.91622514650652	8.00263877408273	6.09063396308241	8.04373666755994	6.7232587746911	5.65952333027701	9.2489272152677	8.6673386762677	7.38455633713478	8.05570507778909	8.1576608851452	7.75554848922047	8.01283097919962
TSLP	4.17187276540269	4.23981799713036	4.46898942319421	5.19215525004461	3.41813583291249	3.70357530961114	3.59744869851321	3.82503306204018	3.88088720193517	3.77835417135564	4.09001120352446	3.867023834486	7.30344275791753	6.74298994848305	4.02628781152377	4.72633260269364	4.81835679567299	5.31264373607278	4.87290547544558
SCRN1	8.1442300969731	7.10155078415834	8.88393123811213	8.43634993196243	6.90106365555332	7.03731898065948	8.21656148170686	8.47036443020694	8.13866776574515	8.73118170392859	8.14094532325005	6.91072058260676	9.32931153301349	8.88593750827008	8.55375548756473	8.98582030821261	8.90205015305061	9.21262238747074	9.04736790074925
HIF3A	4.61868015517498	4.87269776290186	5.4930960362978	5.23315219382592	4.48260865799253	4.37371105376547	4.6217421475923	4.45265575312919	4.59858407299164	5.09854013477641	4.40855314454123	4.07065998524607	7.46215876270596	6.01696687780917	5.09986417685422	5.27961353123716	5.5451831757486	5.75679390049	4.99361279896623
MIR143HG	7.73449752129482	5.97077782474482	8.91777043408373	8.3658037721151	6.89098170352488	5.30309450456348	7.17045691631141	7.64547332595192	6.66603137356075	8.13119804022792	8.10634563790526	7.16503495291597	10.0872859634587	9.43721400570914	7.90695366675961	8.38868303451302	8.29199004046776	9.18317516778402	9.52405387039946
VIT	3.73246846935872	5.77740443260654	4.52074900627437	4.65106428785155	3.66666704162235	4.63807242149485	3.79034356605108	4.00760194024075	3.52083699724659	4.44476699832993	5.05048913787557	3.90805169235007	5.7159497001568	6.79999702337107	4.72122049695625	5.78870379286357	4.81341572459287	4.96435630546509	5.72033726811267
LIX1	3.97145011422399	3.18915417612392	5.98022904666663	6.63751515699994	4.65111000983034	3.03012264467187	5.78172125204746	4.87075848306563	4.10164579868708	6.02484069227564	5.59071381314983	4.56178206597744	9.0069417160007	6.63059222564526	6.23604257153818	6.94426728246122	6.59440258234772	5.23269858590638	7.20966674844988
RRAS	8.42379912752496	8.29518802745368	8.55659827280064	9.08967065574588	7.65837254639904	6.6285794956541	7.85379823636897	7.54081904257114	7.64000684735348	8.13141687164469	7.81669421521614	7.04002579865011	10.349410264254	9.29131783191564	8.71116586164375	8.72266886802561	8.96158637329757	8.57680742955753	8.58750603321996
FAT4	6.36141837867949	5.28769936273737	5.63934500412906	6.36207053400604	5.69147376152549	4.93653982454393	4.82357158986206	6.2297364195703	5.83055579288422	6.13214943072735	6.82394948125643	5.19141041098243	7.03329030432003	7.3387900188983	5.90939120636115	6.20066671282264	6.7601615098772	7.27791719525182	7.32495478393797
ACSF2	6.52115990350855	6.17988080095244	8.07101142531451	7.73405856803551	5.96793387243891	6.05581408913021	7.47920083231365	6.72010490318505	7.03180189079528	7.87118143501352	6.14002077263312	5.68969216305668	7.95537584374463	8.89941647458984	8.26182426963396	7.36252759732793	7.77859409820814	8.15618330708084	7.82752862312828
AHNAK2	6.69154448213648	5.49363470798343	7.63100323066299	6.10922457180659	5.73989016574976	5.94235787185585	6.84816010841952	6.34660105001868	5.97825242214751	6.52270352075687	6.68852451658527	5.91764411771445	9.25895672129977	7.84874010119716	6.86850988837935	7.0511881642673	6.82432049503457	7.12552699246313	7.70459216673225
PHYHIP	5.36316354256895	4.69210343278349	5.21392886422026	5.66753093625153	5.0756370021108	4.2737590681199	6.0627425305851	5.43976213499342	5.5291562580336	5.70967480727432	5.55402138504101	5.12283338087989	8.27356304040834	8.12351001369972	5.31638222000979	5.70141142571617	5.88105254542789	6.79774657483919	6.54772065748275
RAB40A	4.28523025848083	5.0934850786727	5.56032483641585	4.38408914797819	5.42568653816895	4.35480875176568	6.64608818440384	4.74358151981584	5.19021848088627	5.4775973778872	5.63506222966103	4.39640478351338	6.28929720410854	7.20450682190165	5.98698506778332	6.12380532762295	6.34442422824365	5.42695654471626	6.1624413659959
PPP1R14C	5.04630836074196	5.04329777805828	5.26206049224172	5.4999940797935	4.039136673009	4.0626495609239	4.17655543184948	3.81784554544907	3.84309321670625	5.76728687413478	3.94653083368486	4.53188862956467	4.96919391841505	7.06621135681437	6.44288969821492	5.39294145533382	6.263179120546	4.76921945626945	6.24015691509953
CYTL1	5.24654070108316	5.61737278227771	4.79098319225193	5.00754417613748	4.47673244814511	5.26728601167249	4.83920056559931	5.02154543202539	5.11133330429225	5.86321211189416	5.2635331454885	4.4965696143335	4.9733806225059	6.19452437880669	6.7532152235757	5.20044416261754	7.11590604304667	5.75528151859468	6.66239719954539
TCEAL2	6.382565291839	6.10129254579991	8.62100773810781	8.27864721630923	5.58723243527486	6.73398106254403	8.33324962278613	7.00943217980188	7.05729348072656	8.31036033848001	7.37087635175521	5.82488139166298	9.88729470675809	9.07957117900863	7.95356323939485	8.81706246970555	8.5643155130047	8.15758171058268	8.53975651527123
AP1G2 /// JPH4	6.72364028056082	6.64105052697675	8.1687704903847	7.83920923316311	7.03392980068594	6.37410910111477	7.57144003010388	6.88127469244581	6.51664332292334	7.7713611226317	7.16985882534762	6.58983771764974	10.2538794391243	8.42094249829594	7.82825184389236	8.47521845695741	8.25866824658733	7.06407331508816	8.35360017496647
PER2	6.97439123216636	7.30142771007132	7.32030990721991	7.67065134114768	7.39337465913683	6.95733557276325	8.07136778903549	8.62642644935601	8.36373882534789	7.71238212174057	7.33071132096748	7.52156462923778	7.63046486050901	8.06341645807696	9.27874759576006	9.06938273955527	7.91391346420887	9.27094752558619	9.33439880322313
GSTM3	7.70085527625779	8.01169089647836	8.60210731270948	8.75591349006398	6.76990711095516	6.70326458818895	8.03469189908559	8.35959351404358	7.55977864673358	7.09790660573891	7.76342826347547	7.46907416355588	9.94609710625276	9.66043526556705	8.40199973511129	8.54377400547837	8.11266948036674	8.51074605360988	9.02843148381108
UBXN10-AS1	6.87966474720624	5.01009080874507	7.57888589627236	8.32078073999391	5.73375342720489	5.59469176033112	6.24370052573335	6.27098012684338	6.34771813428898	7.56122237036278	6.62849382810486	5.43557790370676	9.29156045604223	9.19090808550668	7.07946066705876	8.05457542251911	7.67456210482755	6.93798126768184	8.42155086047092
IP6K3	5.72539674568769	7.33859141973976	8.37850500023545	8.29246816932723	4.83334401400777	4.4948661150481	6.61381627089643	6.16660375120231	6.66567045989333	7.41882852995418	7.26189943889514	5.4390106595014	9.06295141848826	9.08127923699927	8.00735057872414	7.96999823489695	8.09427130593795	7.31074884215057	9.23047847603823
HOXD10	5.80029945945495	4.31242614712329	8.51862097492931	7.84272505265569	5.77178529780764	5.84746381781828	7.57205593293334	7.68926855130967	6.83115422182202	8.65725664210227	6.2401734940573	6.28273442794934	9.15058388414783	8.90103261207119	8.15922912729009	8.1339010487222	7.8666889207535	9.29991283424944	8.74715088391239
PCDH9	4.99743903107099	4.17493826009433	5.55450246781611	5.52801033830997	4.4027269229059	3.6899325039917	5.3234038699889	5.22738260571022	5.19986372214198	5.5462449544245	4.66288597734309	4.18341298066209	7.95036764959392	5.83597130727228	5.53668437695323	5.1371948711082	5.97940611655779	6.17306348410005	6.13010821526044
TAGLN	10.0238964509717	8.51385187688365	10.4531816707009	10.8314971857876	9.23939673127154	8.49914630162118	9.20998692822164	9.27950695698201	8.99499604705692	9.99103485744413	10.0662305906838	8.91607537002292	11.9370214066837	11.3464157326203	9.85747757811225	10.7370369466689	10.4997979975201	10.0827307585654	10.7495439470886
MINOS1-NBL1 /// NBL1	10.1605239427649	11.0109878604021	11.1642386762346	10.8688453942496	10.2331882527844	9.48891228033152	9.68610390593461	9.82311123176742	9.45217249144654	10.5418375099174	10.0576278560421	8.15644624549801	10.9254326259133	11.2214587797852	11.6370159101271	11.3895508415141	11.4356671107791	10.8521226230704	11.0175875436145
PDZRN4	6.62274500658863	6.07851405766764	7.37633384490603	7.1297572403801	5.76469541447019	5.70495357146607	6.82413652326371	6.46105220697083	6.72377173677489	7.0240457982622	7.45957304642536	6.48073973170839	9.42556375618319	7.90734618959262	6.78466675835025	7.78473342314773	7.59180919652201	7.207902610083	7.68992751598863
LINC00515	5.30814894648135	5.17528443105489	6.08105859479655	5.2008232262944	4.03911829914923	4.45297770787366	3.96910738397805	4.90705311067455	4.49153805014268	5.52460326938149	4.46183725280908	3.58062666345344	6.7290549283439	5.37937061509225	6.74350554923726	6.00120840434258	6.09955064730617	4.91210852037944	5.78222181472909
KCTD14 /// NDUFC2-KCTD14	3.92917578162106	7.0371225017483	5.84553153629001	7.19749187636684	5.08298056969255	4.65980964355756	5.71514013939525	5.6461602000423	5.19891584495168	7.16036177989107	6.03645161438901	4.12387683246526	7.03621600264788	7.54808811104059	7.18369045952747	6.7328396149617	7.36413668030725	7.05878514041679	7.06803226674719
CCDC69	7.63304888387824	7.07856515008686	8.59149746718643	8.25665715395264	5.93929141784809	5.72284316211453	7.12013674705678	6.90860881897769	6.81106932525904	7.66873300445756	7.27033299392311	6.25836232825238	9.61417711393297	8.36114535029265	8.06335205157723	8.29501059194759	8.33971830579842	7.95254021518711	8.11772956229052
CHRDL1	8.80781215451361	8.37716673194847	9.77616239918898	10.1659776667885	7.45714572562462	8.02203908146689	8.8661527349211	8.85912762233193	8.62479026122939	9.28190075276556	9.54951758354366	8.34072109185438	11.8252900177393	11.1338715707212	9.0161163391381	9.62793521474236	9.90703785083268	9.59778398564229	10.6933079046781
TRIM6	6.61306735785846	5.02733330505541	6.32150263732541	6.37938560144256	6.4653552193512	4.93731489624244	5.61520752561327	6.67502678078825	5.61567131923022	6.66055768087562	5.48534825424215	4.79588319271818	7.63840120351504	6.70548474811401	6.65579181588215	6.40013083910927	7.2148880954245	7.41563804551943	6.63532589451324
AF070581	4.21665907908054	4.22123350655254	4.76429901492034	5.01979748005249	3.89936560793357	4.78205202240365	4.71963524748869	4.09184072230089	4.57479765864697	5.19471559619102	5.2066009551407	4.09093486203686	7.47844320386033	6.86177496860144	5.14773676255609	5.18968877322289	5.38531812558405	4.85875600945912	5.21076933299538
AOC3	7.28598998860095	6.54801198578484	8.24525765089962	8.01798895118024	6.30244024770786	7.22310070502363	7.02153683748271	6.49211136531109	7.06776468293375	6.32262588880259	7.77586334953751	7.13357779953796	9.04850451174302	8.54241641294452	7.32991409623223	7.70414223549906	8.22356919866609	7.7638879533046	8.56255510537987
TIMP4	3.65479735840978	3.63064237863558	4.56665021999787	2.99535926878613	3.2714075335824	3.14271748283167	3.23840807078881	4.52326917946946	3.30716131832248	3.86936760082006	4.54039922940609	3.42213122017713	4.93801847982874	4.43931415903883	5.08657924460419	6.8842677296813	4.2946005472914	4.20747101072156	4.32111164535384
DMKN	4.73627819609041	4.49644160942534	7.02280112622146	7.23990559669336	5.28120195448815	4.39981532469198	6.02335219048647	6.89638237191511	6.0362774199757	7.51963624042765	5.34590665619728	5.05720829228492	7.39476942649833	8.08538447614059	6.98741332830206	7.15306922998657	7.10211505771234	7.88195902372414	6.98657520431244
FRMD6	8.07392277778695	6.87520956073582	8.51669484635254	9.01699028888913	7.28350965771905	7.54245652105147	7.81353822143767	7.76347912718207	8.26700990551491	9.12169089146691	8.34474097133844	7.83117810172532	10.2433715408987	9.77303819488101	8.22384151078876	8.52595136566894	8.83848141204104	9.03366878212162	9.54774573618145
SELM	7.21153038848402	6.12082931509982	6.45023759932259	7.55207293676608	6.0829520027512	4.98399032210674	6.27915322301002	7.00650407830542	6.24710399691787	6.76013953581293	6.87674825164289	5.94527136156463	8.66323651576109	7.42363889941976	7.48078998983499	7.29234681048135	7.23556736890511	7.40227234684368	7.03398269589452
CYB5R2	6.41852985423959	5.90832154685811	7.79410132000302	8.23164585932173	6.47531225690452	6.34679513072172	7.25135757789466	6.43309386353166	6.69835566192602	7.52309742220586	6.50627976956386	6.30262169566135	8.33253659071189	8.96549026456165	7.43883943672054	7.4602401050382	7.83717127818044	7.97663933770485	7.38522486339247
SNAI2	6.25869228338467	5.97853084460297	7.19085207829394	6.86963412223643	5.10051483552939	6.93208798011629	7.08261577136586	7.40561926605716	7.38000506472342	7.82678827385935	6.74886268310517	4.19158365778069	8.59456785793092	7.56013808159464	8.14793794456151	7.45405154480309	7.88491622788665	8.11610451686476	8.26694559030503
SDC2	9.45473551654937	7.06258385268277	8.01604490684838	8.0410076797816	7.00300452160043	7.08052097204123	7.29191769860955	8.03228075960141	7.79337961832328	8.11399717241782	7.99798276160406	6.78048215651266	9.27923867145304	9.29016417827605	8.36181533116718	8.68885135836032	8.30349451098902	9.09743581191745	8.42031931245127
ZNF711	4.46145895893825	4.03922428586821	5.42449816052796	5.18722467805825	4.03763815364908	4.22500934769072	5.1556995131778	5.21619371201259	5.29499429640469	5.96139418460201	4.93138300618671	3.685699699004	5.61491919451328	6.62219720366685	5.89104712520843	5.49363158053401	5.54083024379775	6.55055374807041	5.24479076756574
SLC24A3	8.45333141082835	6.40278936410082	8.39184399586188	8.50169030972396	6.96662882331212	7.08829878910191	7.7803812961286	7.40679050753167	7.28983432712705	8.04136713652435	8.11713821175449	6.97472901755547	9.6380375450567	9.1279980786022	7.57087755899251	8.24264796467211	8.77124190706743	8.78084082635027	8.94328138940728
GPX3	6.27852504898418	7.11622039289949	6.89100990174408	8.16998426231304	5.07874258795982	4.84744355921566	5.53280126185838	8.07190179889232	5.7231622435684	7.43126195146947	5.5657572584413	6.18947112627567	7.2548421066338	7.95842490350375	7.80900236451744	7.79983549193486	8.51964799454757	8.77059689373417	7.51678591053353
